1.0247002840042114
1.2364195585250854
1.6595594882965088
1.5863085985183716
1.061010479927063
0.09869904816150665
-0.6300379633903503
-0.9316264390945435
-0.9479162096977234
-0.36568453907966614
0.34428665041923523
0.6043002605438232
0.8805473446846008
-0.18956495821475983
-0.4560813009738922
0.3137393295764923
0.38659632205963135
-0.1340101808309555
-0.23461365699768066
-0.060318391770124435
0.6771645545959473
0.38690024614334106
-0.4079023003578186
0.03904857486486435
0.06466921418905258
0.12698455154895782
-0.019753320142626762
0.42583775520324707
0.5654790997505188
-0.5580251812934875
-0.42694005370140076
0.8548228740692139
2.5712265968322754
1.925101637840271
1.3120012283325195
1.1028978824615479
1.1740821599960327
0.9320804476737976
0.522908091545105
0.310809850692749
-1.1834876537322998
-0.05592064559459686
0.038226865231990814
-0.337254136800766
-0.536510169506073
0.5618277192115784
0.3413454592227936
0.44949978590011597
0.5123398900032043
0.6368517279624939
0.14736157655715942
-0.7051171064376831
-0.7965944409370422
-0.7768705487251282
-0.47146186232566833
0.39320239424705505
-0.07165142893791199
-0.17408746480941772
-0.6768853068351746
-0.2655779719352722
-0.2917425036430359
0.547621488571167
1.4878238439559937
1.928550124168396
1.9084725379943848
0.47596046328544617
-0.13160686194896698
-0.7958424687385559
-0.9111422896385193
-0.07554396241903305
0.1401778757572174
0.508990466594696
0.6129146218299866
0.27575162053108215
-0.29956698417663574
0.652470588684082
0.5300120711326599
-0.2868645489215851
0.4834502935409546
0.14823156595230103
-0.84285968542099
0.9054632186889648
1.5735090970993042
1.834867000579834
0.7777324914932251
-0.9194629192352295
-1.052467942237854
-1.2503299713134766
-0.9514225125312805
-0.21551355719566345
-0.47015833854675293
-0.26751744747161865
-0.10858730226755142
-0.36799994111061096
-0.2024868130683899
-0.9969692826271057
-1.1368736028671265
-0.39863768219947815
-0.7500932812690735
-0.6557767987251282
-0.30891022086143494
0.16291773319244385
1.0440454483032227
0.927639901638031
-0.19935931265354156
0.19995473325252533
0.10239383578300476
0.5942637920379639
0.6746736764907837
-0.30206310749053955
-0.054000820964574814
0.7326027750968933
1.4687447547912598
1.558502197265625
2.5928101539611816
0.1038103997707367
-0.022405968979001045
0.8064553141593933
0.6895017623901367
0.09640462696552277
-0.2562809884548187
-0.14667586982250214
-0.8719991445541382
-1.0212010145187378
-1.0466527938842773
-1.0199509859085083
0.8485272526741028
1.2672085762023926
0.4221186637878418
-0.687721312046051
-0.6829201579093933
0.19714225828647614
-0.6134577989578247
-1.3090423345565796
-0.37842896580696106
0.7719026207923889
-0.31874221563339233
0.013372289948165417
0.40739721059799194
0.34667328000068665
-0.11244988441467285
-0.11095059663057327
-0.5797888040542603
-0.8835893273353577
-0.3445574939250946
0.18751686811447144
0.17400334775447845
-0.03653058782219887
0.2579224109649658
0.10413424670696259
-1.0248428583145142
-1.2611048221588135
-1.5377992391586304
0.0028692842461168766
1.2443256378173828
-1.1782457828521729
-0.22118782997131348
0.1416308730840683
0.83171147108078
1.2068020105361938
0.7294706106185913
-0.6409375667572021
-1.5327174663543701
-0.7791159749031067
0.6890244483947754
-0.45974472165107727
-0.5040016770362854
-0.4549076557159424
-0.4360333979129791
-0.48466700315475464
-0.15656191110610962
0.41705870628356934
0.47709813714027405
0.11072468012571335
-0.595587432384491
0.4576890766620636
0.805855929851532
1.607662558555603
0.49331098794937134
-1.0557963848114014
0.655245840549469
0.47379425168037415
1.2087576389312744
0.43821513652801514
-0.5746305584907532
-0.06615123152732849
0.3949570059776306
1.3534049987792969
1.2825796604156494
0.5135551691055298
0.48771777749061584
0.5856578350067139
1.2310975790023804
0.8787892460823059
0.21777290105819702
-0.8505673408508301
-1.2395703792572021
-1.2652333974838257
-0.17544089257717133
0.4271531403064728
0.4328809678554535
-0.40487343072891235
-0.17984545230865479
0.16421696543693542
1.410086989402771
0.02602662704885006
-0.19011101126670837
-0.7658519744873047
0.8245577216148376
0.939485490322113
1.5449150800704956
0.3917677402496338
0.46642106771469116
-0.5949090719223022
-0.5393168330192566
-0.09315639734268188
1.0195684432983398
0.881362795829773
-0.8018982410430908
-0.612999677658081
0.021211983636021614
-0.27956610918045044
-0.08270733058452606
0.0728340819478035
-0.02459297887980938
-0.14021112024784088
-0.45199960470199585
-0.3252052962779999
0.032743144780397415
-0.41499897837638855
-0.8678321242332458
-0.0871209055185318
0.860691249370575
-0.12604421377182007
-0.293203204870224
0.24808870255947113
-0.13497060537338257
0.485750287771225
0.3427368402481079
-0.23253710567951202
-0.40763580799102783
-0.9702773690223694
-0.7336252927780151
-0.5249791741371155
-1.1180585622787476
-1.7650898694992065
-0.9701201319694519
-1.0622785091400146
-0.24533158540725708
0.6542549729347229
0.7387439012527466
1.1430785655975342
0.12863050401210785
-0.40244898200035095
-0.6269112229347229
-0.6686450839042664
-0.4703952670097351
0.8695169687271118
0.09099157154560089
0.29991355538368225
-0.15753835439682007
-0.36570388078689575
-0.8779698014259338
-0.603705108165741
-0.616635799407959
-0.5390700697898865
-0.4337652623653412
0.805335521697998
0.7034119963645935
0.6855964064598083
0.6866207718849182
0.5087302923202515
0.8094416856765747
-1.0625991821289062
-0.5703355073928833
-0.64261394739151
-1.2241039276123047
-1.1589374542236328
-0.8870305418968201
-0.3156176805496216
-1.5705310106277466
-1.8263909816741943
-1.8482658863067627
0.675101637840271
0.631879985332489
-0.08146525919437408
-0.7278270125389099
-0.0670475959777832
0.06044524535536766
0.3333914875984192
0.06757379323244095
-0.0453655868768692
-0.33545002341270447
-0.51219642162323
-0.6526325941085815
-0.06423404812812805
-0.03939518705010414
-0.7297274470329285
0.36815762519836426
0.40798190236091614
0.88034987449646
0.9891903400421143
0.4579955041408539
0.20771336555480957
0.4334459602832794
0.9812758564949036
0.5638778209686279
-0.0890103429555893
0.48984700441360474
-0.05471602454781532
-0.7487916946411133
-0.9185172915458679
-0.25965285301208496
-0.06088056415319443
-0.08259747177362442
0.14722862839698792
0.5205739736557007
0.14969368278980255
0.587536633014679
-0.005567529704421759
-0.28814074397087097
-0.3200116753578186
-0.19054922461509705
-1.8729959726333618
-2.763620376586914
-2.9762275218963623
-1.4534910917282104
0.47110846638679504
0.1524427831172943
0.6284193396568298
0.23659133911132812
-0.6350011825561523
-0.9088484048843384
-1.1443312168121338
-0.815102219581604
-0.6002862453460693
1.0175104141235352
0.7259301543235779
0.1465403437614441
-0.7384895086288452
-1.1864914894104004
-0.2587710916996002
0.3987921476364136
-0.8641607165336609
-0.19163502752780914
-0.3116740882396698
0.9167989492416382
0.7651667594909668
-0.3888172209262848
0.8823695182800293
0.9564189910888672
0.42623618245124817
0.3515690863132477
0.4831351935863495
0.7460160255432129
0.42173436284065247
-0.15213090181350708
-0.4066793918609619
0.15445612370967865
0.03203650563955307
-0.5347387790679932
-0.366301029920578
-1.0187170505523682
-0.9874290823936462
0.5255411863327026
-0.7349978089332581
-1.2037628889083862
-1.3404488563537598
-1.3492364883422852
-0.7186300754547119
-0.8565875291824341
0.11175224184989929
-0.3227631151676178
-0.04474897310137749
-0.22018952667713165
0.1670982539653778
-0.33360716700553894
-0.43326103687286377
0.22334322333335876
0.4113694727420807
0.5216149687767029
0.10234928876161575
-0.19969046115875244
0.18836070597171783
0.6447849869728088
0.16507911682128906
0.08007578551769257
0.8534372448921204
0.7985748052597046
0.5377131700515747
0.7804877161979675
0.7080401182174683
1.2377394437789917
-0.756788969039917
-0.049371812492609024
0.19092006981372833
0.05825751647353172
0.02236201800405979
-0.8590923547744751
-0.5434724688529968
-0.17101557552814484
0.4490133225917816
0.47335246205329895
-0.1775088906288147
-0.18161796033382416
0.29457560181617737
-0.43931350111961365
-0.21962685883045197
-0.4542708098888397
-0.05434237793087959
-0.24125176668167114
-0.35366642475128174
-0.27521321177482605
0.8585742712020874
0.08580777049064636
-1.3313677310943604
-1.1206752061843872
-0.4062919616699219
-0.21400795876979828
-0.5662879347801208
-0.13843362033367157
0.20074588060379028
0.17767266929149628
0.4588566720485687
-0.643254816532135
-1.2365086078643799
-0.0027695305179804564
0.7577353119850159
-0.17988063395023346
0.4201117157936096
0.889153242111206
0.8389266133308411
1.1347938776016235
0.0015226280083879828
0.3142133951187134
0.18168768286705017
0.3326844871044159
-0.1709127426147461
-0.06929618865251541
0.30916228890419006
0.7093458771705627
0.7829621434211731
0.5796827673912048
-1.4562357664108276
-1.257102131843567
0.02052334137260914
0.09013884514570236
0.03308802843093872
0.033126842230558395
-0.12917937338352203
0.603838324546814
0.7194418907165527
-0.1104879155755043
-0.8998817801475525
-0.25986412167549133
-0.7213197946548462
0.19598014652729034
1.060319423675537
0.05547621101140976
-0.06181350722908974
-0.12153501063585281
0.22376789152622223
-0.3420853614807129
0.5054495334625244
1.1647087335586548
0.5781557559967041
-0.36447516083717346
-0.8432930111885071
-0.6197643280029297
-1.2822643518447876
-1.2511712312698364
-1.2118489742279053
-0.6798558235168457
-0.14608551561832428
0.012253383174538612
0.041441600769758224
-0.15526752173900604
-0.1922711431980133
0.4056856036186218
0.8331009745597839
0.7894819974899292
-0.10999032855033875
-0.8058281540870667
1.0938966274261475
1.0901155471801758
0.987335205078125
0.3436838984489441
0.8092299699783325
-0.1824401319026947
0.2683058977127075
0.171286940574646
0.059311069548130035
0.9291165471076965
-0.43032464385032654
0.9691227078437805
0.8920542001724243
0.5780624747276306
0.5216799974441528
-0.5650747418403625
-0.40771180391311646
-0.6350746750831604
-0.9436579346656799
-0.5248396992683411
0.3962861895561218
-0.22033622860908508
-0.2839590013027191
0.1775379329919815
0.2077464759349823
0.23433174192905426
0.5033178925514221
0.12261497229337692
-0.03406669571995735
-0.24602170288562775
-0.8896180391311646
0.06291532516479492
0.3757302761077881
0.9563133716583252
0.6269639730453491
-0.6611292958259583
0.001095859333872795
-0.08030780404806137
0.28901615738868713
-0.5186905860900879
-0.8063871264457703
0.27337199449539185
0.27287036180496216
-0.053452979773283005
-0.553172767162323
0.7203248143196106
0.07889249920845032
-0.20830439031124115
0.8382469415664673
0.7234779000282288
-0.3319595754146576
0.41407763957977295
0.9382008910179138
0.08655080944299698
-1.4022281169891357
0.32193616032600403
0.17747393250465393
0.04886581376194954
0.40250182151794434
0.14707106351852417
-0.20525048673152924
0.699930727481842
0.5652763247489929
-0.26281458139419556
-0.8319944143295288
0.4642505347728729
0.7011855244636536
0.33663615584373474
-0.23677274584770203
-0.7499037384986877
0.21043434739112854
-0.3122623860836029
-1.0078459978103638
-0.4906252920627594
-0.4235827922821045
-0.2897554039955139
0.3729090392589569
0.15307985246181488
-0.4642106592655182
0.33366769552230835
-2.0153353214263916
-0.7688663005828857
-0.1311628520488739
-0.2283833622932434
-0.5121972560882568
0.012423228472471237
0.45857009291648865
0.08957799524068832
0.19898341596126556
-0.41237524151802063
0.18688958883285522
0.1608925759792328
0.580147385597229
-1.3523368835449219
-0.35714635252952576
0.7564516663551331
-0.6933818459510803
-0.4071088433265686
0.9190770387649536
-0.22950801253318787
0.4279971122741699
0.4706075191497803
0.329640656709671
0.409015953540802
1.0030508041381836
-0.5727508068084717
0.4541209042072296
-0.2897707223892212
-0.49210095405578613
-0.05339500680565834
-0.5276362895965576
0.2631721496582031
0.09319530427455902
-0.18413235247135162
-0.3440040051937103
0.29359039664268494
-0.3716724216938019
-0.45891091227531433
0.026506483554840088
0.11639227718114853
-2.681265354156494
-0.6200588345527649
0.026236746460199356
-1.0741231441497803
-0.025155261158943176
0.5449103713035583
0.4870907962322235
-0.13392634689807892
-0.17456164956092834
0.9532763957977295
0.6498289108276367
-0.2747439444065094
-0.8381704092025757
-0.051954615861177444
0.7640461325645447
-0.4415767192840576
0.28928449749946594
0.6057835817337036
0.015349453315138817
-0.8769886493682861
0.01637299545109272
0.00036920967977494
0.535822868347168
0.506105899810791
-0.241094172000885
0.1499454230070114
-0.5407062768936157
-1.250649094581604
-0.599091112613678
1.0086995363235474
-0.7292616963386536
-0.7046313285827637
-0.35972917079925537
-0.03667666018009186
-0.6190751194953918
-1.1790685653686523
-0.08439259231090546
-0.16488435864448547
0.5983596444129944
-0.3633490800857544
1.0362365245819092
0.31710344552993774
-0.7244763374328613
-1.0693089962005615
0.6150898337364197
-0.02841777540743351
0.19131529331207275
-0.17945365607738495
-0.5525617599487305
0.30743488669395447
0.46090930700302124
0.3367708623409271
0.3152974843978882
0.08067776262760162
0.4910660982131958
-1.5874767303466797
-2.5450387001037598
-5.002091407775879
-0.08867044746875763
-0.4610450863838196
0.29464295506477356
0.04173268750309944
0.4612242877483368
0.7561919689178467
1.115519642829895
-0.6526347398757935
-1.0079195499420166
-1.2188737392425537
-0.6353398561477661
-0.3367157578468323
-3.6950509548187256
-2.307931423187256
0.8332571387290955
-2.1142678260803223
-2.479926824569702
-1.2402702569961548
-1.264054775238037
-0.12598523497581482
-0.35243088006973267
0.35556283593177795
0.5134766697883606
0.5213630199432373
0.632576048374176
0.6224115490913391
1.236009955406189
0.8962765336036682
0.24106468260288239
-0.5326804518699646
0.158047154545784
0.3657095730304718
0.484590083360672
0.0776716098189354
0.13648390769958496
0.5004501938819885
0.4345073997974396
0.16495424509048462
-0.8855305910110474
-0.6425868272781372
-0.030861174687743187
0.7986565232276917
-1.7022125720977783
-0.14297175407409668
0.11776988208293915
-0.2084161788225174
-1.0180524587631226
0.9871865510940552
-0.05413967743515968
-0.5544061660766602
0.18865421414375305
0.5876913070678711
0.4490768611431122
-0.04597671329975128
-0.7266504764556885
-0.5085607767105103
-0.07645347714424133
0.7020281553268433
0.22273516654968262
-0.03697711601853371
-0.11316704750061035
-0.056428998708724976
0.5202145576477051
-0.1755620539188385
-0.7288193702697754
-0.4401595890522003
-1.1523557901382446
-0.7430667877197266
-1.007420539855957
-0.9864161014556885
-0.6420055627822876
0.2156766653060913
0.4402145445346832
0.13901501893997192
0.6451219320297241
1.042724847793579
0.42364999651908875
0.3972833752632141
0.5788285136222839
0.24005022644996643
-0.5059680342674255
0.7757516503334045
-0.5555394291877747
-0.5224864482879639
-0.6944034695625305
-0.21911726891994476
-0.3549792766571045
-0.3444492816925049
-0.2664622664451599
-0.3003665804862976
0.44903960824012756
-0.2591223418712616
0.3741949796676636
0.17104490101337433
-0.19502587616443634
-0.14859841763973236
0.054828666150569916
0.30793020129203796
0.2803212106227875
-0.8053287267684937
-0.6024258136749268
-0.17525681853294373
1.2651456594467163
-0.29964348673820496
0.39341214299201965
0.7029555439949036
0.23474381864070892
0.8841775059700012
0.5232163071632385
0.2795114517211914
-0.3594582974910736
-0.2732246220111847
-0.2662157416343689
-0.2736130654811859
0.03444979339838028
0.24774295091629028
-0.0744892954826355
-0.19887956976890564
-0.20575450360774994
0.14365237951278687
0.1625845581293106
0.007513600401580334
-0.3527052700519562
-0.2712096571922302
-0.5332092642784119
-0.9875690937042236
-0.9585739374160767
0.13970515131950378
0.12073159962892532
0.6499565839767456
0.018092215061187744
-1.8082935810089111
0.542906641960144
-0.010975546203553677
-0.1442672312259674
-0.23750977218151093
-0.33599597215652466
1.088915228843689
0.325301855802536
-0.42411306500434875
0.15640801191329956
0.7622042298316956
0.43505093455314636
0.4224967658519745
0.7223830223083496
0.9999403953552246
0.5445196032524109
0.3248097896575928
0.5189337730407715
0.9082335829734802
0.5128660202026367
-0.3776121735572815
0.3015296459197998
0.17881980538368225
0.5051224827766418
0.7426446676254272
0.9240057468414307
-0.6541137099266052
-0.657791793346405
-2.0256593227386475
-1.6212190389633179
-0.7267021536827087
1.1341177225112915
0.459258496761322
-0.05249549448490143
0.15451198816299438
0.30783653259277344
-0.15059368312358856
0.31628918647766113
-0.1437547504901886
-0.2592000663280487
0.3090111017227173
0.048952240496873856
-0.8378309011459351
-0.05879758298397064
-1.8270022869110107
-2.2564053535461426
0.4428727328777313
-0.16169777512550354
0.18542252480983734
-0.8841676712036133
-1.3445435762405396
-0.07792825251817703
-0.1663365513086319
-0.8358556628227234
-0.9975513219833374
-0.9126931428909302
0.7143028974533081
1.2048264741897583
-0.16109143197536469
0.6670347452163696
-1.2420153617858887
-0.27889448404312134
-0.4655425548553467
-1.6795074939727783
-0.04806540533900261
0.3365003764629364
0.2277827113866806
-0.09582740068435669
0.24299071729183197
-0.12499795109033585
-0.5347400307655334
1.6638458967208862
-0.26652029156684875
-0.19097135961055756
-0.235024556517601
-0.12218168377876282
-0.2520105838775635
-0.23186123371124268
-0.17496272921562195
-0.13712197542190552
-0.08269987255334854
-0.1491049826145172
-0.11377627402544022
-0.03965310752391815
-0.04978835582733154
-0.03146883472800255
-0.13789783418178558
-0.021826889365911484
-0.10747876763343811
-0.06999598443508148
-0.07117123901844025
-0.003087337827309966
-0.4746817350387573
-0.4641565978527069
-0.44900956749916077
-0.40343838930130005
-0.3835185170173645
-0.4098491072654724
-0.417138934135437
-0.402617871761322
-0.425764262676239
-0.3076188564300537
-0.09675756841897964
-0.18512144684791565
-0.05441996082663536
-0.11638154089450836
-0.13628846406936646
-0.14615918695926666
-0.13741107285022736
-0.04028494656085968
-0.12863881886005402
-0.059158846735954285
-0.02559901773929596
-0.026516010984778404
-0.08533681184053421
-0.10784740000963211
-0.024011537432670593
-0.059325698763132095
-0.08742082118988037
-0.13577984273433685
-0.017161210998892784
-0.07501863688230515
-0.22142793238162994
-0.1272527426481247
-0.13081969320774078
-0.21029910445213318
-0.14875921607017517
-0.10580513626337051
-0.15968626737594604
-0.1279921978712082
-0.2511281669139862
-0.1526290774345398
-0.1143999919295311
-0.14960148930549622
-0.17656981945037842
-0.19484230875968933
-0.10459135472774506
-0.199148491024971
-0.19513137638568878
-0.2054842710494995
-0.08260895311832428
-0.10444967448711395
-0.2919955253601074
-0.19225749373435974
-0.17853383719921112
-0.23819401860237122
-0.13553251326084137
-0.21005113422870636
-0.25344064831733704
-0.12377917766571045
-0.10502433776855469
-0.13684654235839844
-0.07571668922901154
-0.06438171863555908
-0.13741932809352875
-0.04719928652048111
-0.09308355301618576
-0.05242522060871124
-0.07476912438869476
-0.16295947134494781
-0.19759273529052734
-0.2847803831100464
-0.07189924269914627
-0.09337470680475235
-0.11815207451581955
-0.1477552056312561
-0.1448543220758438
-0.04267735406756401
-0.09850390255451202
-0.08044005185365677
-0.05581701174378395
-0.17540061473846436
-0.28687426447868347
-0.1445637345314026
-0.2265707552433014
-0.11199323832988739
-0.11573583632707596
-0.15686719119548798
-0.16312937438488007
-0.19101563096046448
-0.23191186785697937
-0.08054415136575699
-0.00011221097520319745
-0.10019950568675995
-0.07226773351430893
-0.015675265341997147
-0.0029269480146467686
-0.1018533706665039
-0.04678139463067055
-0.09881354123353958
0.00376492110081017
-0.14896538853645325
-0.07474035024642944
-0.18391050398349762
-0.22073811292648315
-0.24291372299194336
-0.22651061415672302
-0.17143963277339935
-0.23456184566020966
-0.17731408774852753
-0.23120693862438202
-0.2083188146352768
-0.04694199934601784
-0.08751753717660904
-0.15590333938598633
-0.10208582878112793
-0.04286551475524902
-0.190214604139328
-0.06044936180114746
-0.13520462810993195
-0.17793145775794983
-0.08025434613227844
-0.07248397171497345
-0.10500823706388474
-0.09957397729158401
-0.1538611352443695
-0.18701085448265076
-0.12333514541387558
-0.13587474822998047
-0.10840056836605072
-0.10606894642114639
-0.16780617833137512
-0.15237237513065338
-0.05269103869795799
-0.14665450155735016
-0.15167692303657532
-0.14697769284248352
-0.08908162266016006
-0.10782922804355621
-0.10925161093473434
-0.14983753859996796
-0.24940690398216248
-0.36117029190063477
-0.2366688996553421
-0.14615105092525482
-0.15797092020511627
-0.18540465831756592
-0.12352846562862396
-0.2028646022081375
-0.18735827505588531
-0.17667552828788757
-0.015164423733949661
-0.00926317647099495
-0.10917031019926071
-0.11972062289714813
-0.10141195356845856
-0.07827240228652954
-0.05091186612844467
-0.14718207716941833
-0.11010947078466415
-0.05356396734714508
-0.152085080742836
-0.44970864057540894
-0.5093554854393005
-0.46156662702560425
-0.42414721846580505
-0.3609822392463684
-0.4392968416213989
-0.43471917510032654
-0.4078601598739624
-0.3652549088001251
-0.25505921244621277
-0.1590825915336609
-0.08784594386816025
-0.13637769222259521
-0.16027767956256866
-0.0979664996266365
-0.1663462519645691
-0.10379604250192642
-0.13756322860717773
-0.06723272055387497
-0.10223458707332611
-0.14369091391563416
-0.09756859391927719
0.005507281515747309
-0.016338812187314034
-0.07321052998304367
-0.00019782550225500017
-0.05482189729809761
-0.06946071982383728
-0.026889368891716003
-0.009667454287409782
-0.2284020334482193
-0.10446052998304367
-0.24665986001491547
-0.24130414426326752
-0.09378856420516968
-0.09521253407001495
-0.14348720014095306
-0.1867399364709854
-0.17432734370231628
-0.10483633726835251
-0.15093538165092468
-0.13670355081558228
-0.17642436921596527
-0.20658859610557556
-0.16922566294670105
-0.07807254046201706
-0.1904560774564743
-0.17495283484458923
-0.0830065980553627
-0.11181358247995377
-0.22645503282546997
-0.25769707560539246
-0.19581212103366852
-0.13032393157482147
-0.14980202913284302
-0.22287805378437042
-0.2466609627008438
-0.20006822049617767
-0.17917439341545105
-0.2274278849363327
-0.09372517466545105
-0.1023794487118721
-0.1795838475227356
-0.0684061050415039
-0.10040844231843948
-0.10905735194683075
-0.08725012093782425
-0.14637336134910583
-0.06997967511415482
-0.2261430323123932
-0.14041019976139069
-0.07927058637142181
-0.05576077848672867
-0.07709833979606628
-0.03861517086625099
-0.03344717249274254
-0.027983270585536957
-0.032509226351976395
-0.12621353566646576
-0.11415204405784607
-0.23846647143363953
-0.1904856264591217
-0.1511532962322235
-0.20611771941184998
-0.1764630526304245
-0.12372395396232605
-0.13970111310482025
-0.24870586395263672
-0.24025867879390717
-0.13206535577774048
-0.14153800904750824
-0.051123280078172684
-0.015484272502362728
-0.11327297240495682
-0.1087949126958847
-0.045947663486003876
-0.026347989216446877
-0.03325089067220688
-0.01444658637046814
-0.09627898037433624
-0.015834644436836243
-0.24090564250946045
-0.27015602588653564
-0.1456289142370224
-0.2407042533159256
-0.1786990463733673
-0.1798776537179947
-0.18490451574325562
-0.24559363722801208
-0.13377010822296143
-0.06569648534059525
-0.11640115827322006
-0.11605650931596756
-0.1269078254699707
-0.08505192399024963
-0.05572465807199478
-0.17503565549850464
-0.18070250749588013
-0.14925725758075714
-0.026088396087288857
-0.14754649996757507
-0.18459659814834595
-0.0784195065498352
-0.17191147804260254
-0.07207122445106506
-0.09281749278306961
-0.18091346323490143
-0.07753461599349976
-0.18218502402305603
-0.24668873846530914
-0.184236079454422
-0.1524815857410431
-0.04049594700336456
-0.08633513003587723
-0.06506574153900146
-0.04181326553225517
-0.10988424718379974
-0.08710581809282303
-0.07186245173215866
-0.18844075500965118
-0.2891543209552765
-0.23547878861427307
-0.1394796222448349
-0.23035845160484314
-0.1078108474612236
-0.16189061105251312
-0.12358080595731735
-0.08352968096733093
-0.14401498436927795
-0.03266706317663193
-0.13939927518367767
-0.07140272110700607
-0.006587880663573742
-0.1165870651602745
-0.04477414861321449
-0.10699163377285004
-0.08515327423810959
-0.05345328897237778
-0.05060308426618576
-0.05955883115530014
-0.5224013328552246
-0.4177403450012207
-0.42854660749435425
-0.4093392789363861
-0.3742150664329529
-0.40480244159698486
-0.3911210894584656
-0.3947334587574005
-0.4253460466861725
-0.30437448620796204
-0.08943095803260803
-0.1059437021613121
-0.17478302121162415
-0.028380203992128372
-0.05422263965010643
-0.1723320335149765
-0.07779104262590408
-0.1359342634677887
-0.025570908561348915
-0.0831439197063446
-0.12017477303743362
-0.08461644500494003
-0.11028768122196198
-0.06615288555622101
-0.1132587194442749
-0.05971904098987579
-0.05790828540921211
-0.06984332948923111
-0.010049531236290932
-0.1100643053650856
-0.21696072816848755
-0.25660574436187744
-0.20279906690120697
-0.21792808175086975
-0.1436687856912613
-0.11428496986627579
-0.192447230219841
-0.08125391602516174
-0.20754162967205048
-0.1924591064453125
-0.09980476647615433
-0.18247170746326447
-0.07348041981458664
-0.13120180368423462
-0.14363235235214233
-0.13097915053367615
-0.20599915087223053
-0.10015802085399628
-0.11580026149749756
-0.1100740060210228
-0.24222616851329803
-0.1568385511636734
-0.13842375576496124
-0.18794210255146027
-0.19317980110645294
-0.15921959280967712
-0.16904699802398682
-0.2450351119041443
-0.09951218962669373
-0.23463934659957886
-0.06888023018836975
-0.07738592475652695
-0.15028920769691467
-0.19002313911914825
-0.14649350941181183
-0.1644452065229416
-0.13313594460487366
-0.05112035945057869
-0.11922303587198257
-0.26008522510528564
-0.1145513728260994
-0.11083817481994629
-0.13179226219654083
-0.14309023320674896
-0.13383322954177856
-0.10613256692886353
-0.006501894444227219
-0.11510534584522247
-0.00963252130895853
-0.19770081341266632
-0.23873436450958252
-0.16908735036849976
-0.19792695343494415
-0.20309998095035553
-0.24908263981342316
-0.2433396428823471
-0.14029614627361298
-0.1331375241279602
-0.17808206379413605
-0.12588348984718323
-0.09304887056350708
-0.022604290395975113
-0.0816991850733757
-0.11059118807315826
-0.011618147604167461
-0.036460429430007935
-0.05611252039670944
-0.03551003336906433
-0.0034997989423573017
-0.024990327656269073
-0.02433425933122635
-0.20519304275512695
-0.13972534239292145
-0.24576811492443085
-0.1750691682100296
-0.1547975242137909
-0.2592540979385376
-0.28448978066444397
-0.2566288709640503
-0.17385734617710114
-0.15276435017585754
-0.12375444173812866
-0.07731406390666962
-0.05143817886710167
-0.13137944042682648
-0.11912651360034943
-0.14680969715118408
-0.08141637593507767
-0.20415475964546204
-0.10718337446451187
-0.04784950986504555
-0.08714165538549423
-0.1497892439365387
-0.12188608944416046
-0.21556827425956726
-0.2106921672821045
-0.06830865144729614
-0.08394128084182739
-0.1333911269903183
-0.24055898189544678
-0.11663325130939484
-0.11884445697069168
-0.05622411146759987
-0.08634058386087418
-0.08732932806015015
-0.17233434319496155
-0.13260367512702942
-0.15583570301532745
-0.11469753831624985
-0.2399638146162033
-0.5328522324562073
-0.6395820379257202
-0.7559494376182556
-0.9095862507820129
-0.7916319370269775
-0.6321979761123657
-0.7357000112533569
-0.5626540780067444
-0.4492330849170685
0.01349931675940752
0.052710432559251785
-0.7236164808273315
-0.8786848783493042
-0.9461852312088013
-1.1233911514282227
-1.565157413482666
-1.1192498207092285
-0.8848284482955933
-0.6094040274620056
-0.22697719931602478
-0.5524417161941528
-0.0950750857591629
0.07282914966344833
0.3351699113845825
0.347552627325058
0.06555265188217163
0.03215916082262993
-0.47818413376808167
-0.550139844417572
-0.7714171409606934
0.31154754757881165
0.4385824501514435
0.27812597155570984
0.31971052289009094
0.27222302556037903
0.6934945583343506
0.5428605079650879
0.5122774243354797
0.23073871433734894
-0.11447280645370483
-0.1292528510093689
0.07320486009120941
-0.2877158224582672
-0.015635661780834198
0.2564796805381775
0.294290155172348
0.16239622235298157
-0.010872947983443737
-0.1628187894821167
0.23099812865257263
0.40474411845207214
0.24992941319942474
0.30902838706970215
0.1664244383573532
0.1956629902124405
0.4612882733345032
0.43773818016052246
0.5180858969688416
0.46077507734298706
0.5356796383857727
-0.3940163254737854
-0.22879135608673096
-0.30677494406700134
-0.44669458270072937
-0.006748472806066275
-0.16654755175113678
-0.05353405326604843
0.027688683941960335
-0.061645835638046265
-0.3577134907245636
-0.058127958327531815
0.4463874101638794
0.8188329339027405
0.7362020611763
0.671328604221344
0.5407132506370544
0.3940439224243164
0.3500174880027771
0.3623289465904236
-0.2614055871963501
0.3753381073474884
0.23350822925567627
0.07352057844400406
-0.05641132593154907
0.32242000102996826
0.4008167088031769
0.450719952583313
0.46021756529808044
0.40232425928115845
0.1995520442724228
-0.017290189862251282
-0.2606334686279297
-0.2213963121175766
-0.22902505099773407
-0.2869945466518402
-0.3853822648525238
-0.36530759930610657
-0.2891354262828827
-0.4866224527359009
0.02985488623380661
-0.1499236822128296
-0.25581544637680054
-0.3289262652397156
-0.42263948917388916
-0.33324605226516724
-0.3819921910762787
-0.2584819495677948
-0.1001749187707901
-0.15304230153560638
-0.03909246623516083
-0.0635535717010498
-0.5347545742988586
-0.019789597019553185
-0.2560052275657654
-0.20064201951026917
-0.20091228187084198
-0.2810172736644745
-0.4745921790599823
-0.46610817313194275
-0.10497968643903732
1.1671154499053955
-0.13378684222698212
-0.29465052485466003
-0.060632817447185516
0.03030427359044552
0.13559791445732117
0.08706267923116684
0.22954991459846497
0.2815204858779907
0.5052900910377502
-0.44079354405403137
-0.3691657781600952
-0.09773734956979752
-0.32398924231529236
-0.6852659583091736
-0.768646240234375
-0.5961351990699768
-0.7062933444976807
-0.9777950048446655
-0.8463800549507141
-0.45803961157798767
-0.22604262828826904
-0.008933430537581444
0.25385162234306335
0.2962491512298584
0.3639593720436096
0.3072076737880707
0.36107099056243896
0.12116056680679321
-0.3648822009563446
0.43461015820503235
0.5740150809288025
0.4792533218860626
0.5982141494750977
0.8211762309074402
0.6631722450256348
0.7834188938140869
0.8228270411491394
0.6387242674827576
0.022088095545768738
-1.736456036567688
-1.0142148733139038
-0.2621239423751831
1.049052357673645
0.1057291254401207
0.7755985856056213
0.542613685131073
0.0008488380117341876
-0.6998196244239807
-1.0075429677963257
0.48542317748069763
0.7527542114257812
0.6694381833076477
0.3652864694595337
0.4408959448337555
0.49732834100723267
0.4627048969268799
0.12332766503095627
-0.03610193356871605
-0.014571059495210648
-0.36142057180404663
-0.5800551772117615
-0.04510951042175293
-0.0837872251868248
-0.21456782519817352
-0.3810601830482483
-0.2946820855140686
-0.3142566978931427
-0.5822900533676147
-1.090965747833252
0.4152807295322418
-0.41959044337272644
-0.23516638576984406
-0.7283041477203369
-0.23438885807991028
-0.3917118012905121
-0.4823054373264313
-0.3515240550041199
-0.3419087529182434
-1.4309055805206299
-0.6521855592727661
-0.06808774173259735
0.13370001316070557
0.1568666398525238
-0.1344984620809555
-0.44984203577041626
-0.1189669519662857
0.05230062082409859
-0.09850020706653595
-0.1954825073480606
-0.452854186296463
0.4579973518848419
0.6094709038734436
0.28906750679016113
0.5727523565292358
0.8009713888168335
0.8141592144966125
0.5044046640396118
0.40406373143196106
0.0940435379743576
0.2602655291557312
0.5498643517494202
0.3193266987800598
0.7653468251228333
0.504708468914032
0.9739665985107422
0.7660098671913147
0.7041093111038208
0.45367690920829773
0.20463715493679047
-0.05893516540527344
0.04772549867630005
-0.24597971141338348
-0.08973446488380432
0.0031021626200526953
0.08744174242019653
-0.05561654269695282
-0.10567876696586609
0.4811190962791443
0.4880174398422241
-0.1937589943408966
-2.1736533641815186
-1.5583617687225342
-1.4148104190826416
-1.6781163215637207
-2.0184199810028076
-1.0360404253005981
-1.71001136302948
-1.4335341453552246
-0.5400515794754028
-0.7978623509407043
-0.5015841722488403
-1.1020348072052002
-0.40008124709129333
-0.3873061239719391
-0.6983234882354736
-0.21076595783233643
-0.31683939695358276
-0.6888381838798523
-0.5904392600059509
-0.07464784383773804
-0.7167774438858032
-0.16359391808509827
0.031653888523578644
0.14960496127605438
-0.3514147102832794
0.30529090762138367
-0.0359901525080204
-0.10423488169908524
0.10977758467197418
0.01444217562675476
-0.3166040778160095
0.13358430564403534
0.06508061289787292
-0.033683717250823975
0.04986909031867981
0.10515006631612778
-0.24552598595619202
-0.09560102969408035
-0.5066360235214233
0.9786880016326904
0.2892383933067322
0.2765060365200043
0.2168511599302292
0.3806215226650238
-0.20242202281951904
-0.12711173295974731
-0.11884037405252457
0.07320353388786316
-0.7860419154167175
-0.34309402108192444
0.14705146849155426
0.24636894464492798
0.7863810658454895
0.4496740400791168
0.43821799755096436
0.29778921604156494
-0.41667214035987854
-0.040528155863285065
0.4984530806541443
0.18101364374160767
0.008384293876588345
-0.3699430525302887
-0.25434252619743347
0.01843426562845707
0.028698768466711044
-0.011976843699812889
-0.04178394377231598
-0.18085050582885742
0.2780909836292267
0.3217558264732361
-0.17149314284324646
-0.4750203788280487
-0.33263111114501953
-0.6552516222000122
-0.48878398537635803
-0.7254628539085388
-0.12174408882856369
0.15855586528778076
0.007067160215228796
-0.23747916519641876
1.0056560039520264
0.4717426300048828
0.6016154289245605
0.34036317467689514
0.024221796542406082
-0.4228217899799347
-0.18172626197338104
-0.04618454352021217
-0.02387637086212635
-0.8089454174041748
-0.22582942247390747
-0.367851197719574
-0.452168345451355
-0.33229145407676697
-0.8994074463844299
-0.48231080174446106
-1.7110326290130615
-0.7814648747444153
-0.41291749477386475
0.9327455163002014
0.2948812246322632
-0.24646811187267303
-0.16132144629955292
-0.46147218346595764
-0.30738815665245056
-0.2304273396730423
-0.08607766777276993
0.44709616899490356
0.26399120688438416
-0.886403501033783
-1.3444814682006836
-2.380516767501831
-2.264951705932617
-1.917960286140442
-1.4284275770187378
-0.8759904503822327
-0.8465291261672974
-1.3353612422943115
0.18788117170333862
-0.35849529504776
-0.31048980355262756
0.4348803758621216
1.366925597190857
0.29104968905448914
0.6843533515930176
0.8971153497695923
0.9851914048194885
1.167468547821045
-0.4681071639060974
0.07077264785766602
-0.4200083315372467
-1.1029552221298218
-0.13403232395648956
-0.7250164747238159
-1.1544679403305054
-0.6924821734428406
-1.2774213552474976
-0.4400944411754608
-0.45756950974464417
-0.9978466033935547
0.15753912925720215
0.09425553679466248
0.5286731123924255
0.09345688670873642
0.5733966827392578
0.6144393682479858
1.0020697116851807
0.7449665665626526
0.8442987203598022
0.3919222354888916
0.4844403564929962
-0.32459208369255066
-0.5867584943771362
-0.8296674489974976
-0.3313375413417816
1.0180089473724365
0.5465174317359924
-0.09289539605379105
0.28828176856040955
-0.018067840486764908
0.1176389679312706
-0.4217910170555115
-0.3413345515727997
-1.10866379737854
-1.8457356691360474
-1.384160041809082
-0.23071099817752838
0.3809910714626312
0.5894280672073364
1.0617446899414062
-0.2722446322441101
-0.47295838594436646
-0.05909464508295059
-0.8689540028572083
-1.2912495136260986
-1.1476807594299316
-0.6160263419151306
-0.3070727586746216
-0.07962775230407715
1.084006905555725
1.0278253555297852
0.7436366081237793
1.0278313159942627
1.4573155641555786
1.4762771129608154
1.0368804931640625
0.7557693719863892
0.6894208788871765
1.4226959943771362
-0.150302454829216
-2.1561572551727295
-2.8324806690216064
-3.4609873294830322
-1.8416171073913574
-2.2766432762145996
-3.2394814491271973
-2.3688628673553467
-1.2426217794418335
0.6359891891479492
-0.3259987235069275
0.34308984875679016
0.43920695781707764
0.10241154581308365
-0.3338972330093384
0.24699704349040985
0.4052409827709198
0.3464142680168152
0.32734107971191406
-0.9418050646781921
-0.04071573540568352
0.37505006790161133
-0.3817228376865387
-0.3747381865978241
0.982996940612793
0.19879917800426483
-1.3756403923034668
-0.5440027713775635
0.24815505743026733
-0.15707626938819885
0.05017746612429619
0.6742181777954102
0.32943135499954224
0.4496143162250519
0.04608123376965523
0.09902086108922958
0.1645009070634842
-0.10095011442899704
0.7128504514694214
0.7396175265312195
0.6085899472236633
-0.7374998331069946
0.2309691309928894
-0.022262247279286385
-0.30718493461608887
-1.1017550230026245
-0.9746372699737549
-1.3357994556427002
-1.5099990367889404
0.3741856515407562
1.43632173538208
0.2611484229564667
0.3624216318130493
0.23845860362052917
0.16765448451042175
0.29751983284950256
0.6700112819671631
0.44571030139923096
0.6739823818206787
0.1080605760216713
-0.2697473466396332
0.07163676619529724
0.12970060110092163
0.035425815731287
-0.1056542843580246
-0.25277528166770935
0.26872518658638
0.5309916734695435
0.5935322046279907
0.10801208764314651
0.416528582572937
0.2736237347126007
0.16865703463554382
0.20207659900188446
0.501052737236023
0.5298062562942505
0.6373762488365173
0.5011720657348633
0.11637663841247559
0.967078447341919
0.026788292452692986
0.6470373868942261
0.7296555042266846
0.7875791192054749
1.0228474140167236
1.2025647163391113
0.8466907143592834
0.2978849411010742
0.44035834074020386
0.1662411242723465
-0.23855869472026825
-0.6158061623573303
-0.4732350707054138
-0.8248533010482788
-0.7866842150688171
-0.8280519247055054
-0.8872221112251282
-1.3949854373931885
-0.8865078091621399
-0.3117169141769409
0.12623971700668335
0.0776401087641716
-0.02190556563436985
0.07686245441436768
0.11883441358804703
-0.08901890367269516
0.3709709346294403
0.17547988891601562
0.2922733724117279
-0.33512642979621887
0.18874916434288025
0.1063862144947052
0.4330596923828125
0.12803682684898376
0.19180451333522797
0.07324231415987015
0.19358693063259125
0.4503348767757416
0.7544540762901306
0.5675527453422546
-0.0647633969783783
-0.6849766373634338
-0.5285043716430664
0.15531869232654572
0.046356093138456345
-0.11462912708520889
0.04193703085184097
-0.3309069871902466
-0.02794802375137806
-0.1973269134759903
0.1882299929857254
0.6949597001075745
0.6937642693519592
1.0029504299163818
0.870050847530365
0.9444562792778015
0.5831910371780396
0.12008336186408997
0.18267640471458435
-0.18241682648658752
-0.8221849203109741
-0.18754824995994568
0.11352474242448807
-0.10183918476104736
-0.2759799063205719
-0.19068337976932526
-0.47849762439727783
-0.7821038961410522
-1.0689287185668945
-0.000533528218511492
-0.4461517035961151
-0.9033810496330261
-0.8255416750907898
-0.9226493239402771
-0.6801323294639587
-0.8069894313812256
-0.5890695452690125
-0.5853638648986816
-0.6178510785102844
-0.7258604168891907
0.25676974654197693
0.6845206618309021
0.7637389302253723
0.6624777317047119
0.6181039810180664
0.6715931296348572
0.5835039615631104
0.8623512387275696
0.4347931146621704
0.31795215606689453
-0.9163863062858582
-0.5697900056838989
-0.4491872191429138
-0.34695667028427124
-0.017575182020664215
0.18082281947135925
0.09262994676828384
-0.11288967728614807
-0.3927418887615204
-0.40650317072868347
-0.2533596158027649
0.15112748742103577
0.1349748820066452
0.1310471147298813
-0.03004147857427597
-0.14193595945835114
0.40299513936042786
0.2744728922843933
0.3349522650241852
-0.9569534063339233
-0.879967212677002
-1.117597222328186
-0.589235246181488
-1.0457587242126465
-0.708628237247467
-0.8397424221038818
-0.34295183420181274
-0.8486028909683228
-0.5649033784866333
-0.5099533200263977
-0.21207018196582794
0.049152713268995285
-0.36530962586402893
-0.7707332968711853
-0.6235981583595276
-0.3932937979698181
-0.745802104473114
-0.27122464776039124
-0.13403233885765076
-0.2720254957675934
0.09051034599542618
0.19473737478256226
-0.023455407470464706
-0.3804928958415985
0.1856643110513687
0.5474316477775574
0.42106443643569946
0.40095290541648865
0.6289631724357605
-0.06751973927021027
-1.5142343044281006
-1.494252324104309
-1.267963171005249
-1.289986252784729
-1.0520901679992676
-1.0352463722229004
-1.2380270957946777
-0.4981786012649536
-1.7596659660339355
-0.8874282240867615
-0.07819884270429611
0.46368464827537537
0.4277508854866028
0.22797426581382751
0.2104688584804535
0.16054102778434753
0.3464185893535614
0.41265541315078735
0.6464536190032959
0.46645694971084595
-0.8823161721229553
-1.2158832550048828
-0.6284611821174622
-1.4385673999786377
-1.3475602865219116
-1.7383830547332764
-2.059358835220337
-1.5992724895477295
-0.906467080116272
-0.8719980716705322
0.6547514796257019
0.4587869346141815
0.16036294400691986
0.3531990349292755
0.5895602703094482
0.7273010015487671
0.6681879758834839
0.8842172622680664
0.3751603364944458
0.8380918502807617
0.3099620044231415
0.06878918409347534
0.39580950140953064
0.08380324393510818
0.44253087043762207
0.6389757990837097
0.3378802239894867
0.45944562554359436
0.22616435587406158
0.40768712759017944
0.509039044380188
0.0798097476363182
0.43693244457244873
0.339700847864151
0.46831485629081726
0.8500078916549683
0.3685765862464905
-0.17053945362567902
-0.451046347618103
-0.1672980934381485
-0.6379159092903137
-0.2637978196144104
1.0153568983078003
0.3296007215976715
0.6889731884002686
0.7824440002441406
-0.23838382959365845
-0.3767337203025818
-0.22375796735286713
-0.17866787314414978
-0.2515524625778198
-1.0008925199508667
-1.1854326725006104
-0.6868793964385986
-0.9352224469184875
-0.5401708483695984
-0.7712933421134949
-1.0770471096038818
-1.83165442943573
-0.39651045203208923
-0.4286421835422516
-0.2776479125022888
-0.5114059448242188
-0.4878019094467163
-0.0057416148483753204
0.1352073699235916
0.04820012301206589
-0.21268883347511292
0.8663933277130127
0.22120290994644165
-0.5021840929985046
-0.9112318158149719
-0.5233821272850037
-0.5975561738014221
-0.6413587927818298
-0.9008236527442932
-0.8209740519523621
-0.8541706800460815
-1.1822504997253418
0.07356757670640945
-0.12334339320659637
0.4910743534564972
0.21461400389671326
0.3936630189418793
0.11033039540052414
-0.13261425495147705
0.23421041667461395
0.4280696511268616
0.42542681097984314
0.0777418240904808
-0.07487315684556961
0.1024184450507164
0.2529791295528412
0.4212547838687897
-0.17937876284122467
-0.839772641658783
-0.394647479057312
-0.46660855412483215
-0.13979464769363403
0.48663270473480225
0.00371291721239686
-0.386562705039978
-0.3511836528778076
-0.19924668967723846
-0.4095790386199951
0.1803371161222458
0.05010005831718445
0.05521836504340172
0.008437353186309338
0.9481419920921326
0.28243738412857056
0.0936323031783104
0.31450194120407104
0.5378819704055786
0.3737190365791321
0.18943491578102112
-0.1311718076467514
0.28409525752067566
-0.31000837683677673
-0.27505195140838623
-1.1886913776397705
-0.37912043929100037
-0.9599592089653015
-1.2366588115692139
-1.3895595073699951
-1.3239529132843018
-0.3708508014678955
-0.5916341543197632
-0.18561851978302002
-0.20897594094276428
-1.0570210218429565
-0.2125188410282135
0.10548065602779388
-0.12011630088090897
0.016728732734918594
-0.3174186646938324
-0.4980289936065674
-0.24655380845069885
-0.8415074348449707
0.38601499795913696
0.7139162421226501
0.1762290894985199
0.41201087832450867
0.42802169919013977
0.3908049464225769
0.3869880437850952
0.3160594403743744
0.2487424612045288
0.23270674049854279
0.025058839470148087
-0.7648807764053345
-0.5784962773323059
-0.3973982632160187
-0.11692824214696884
-0.11910300701856613
0.10213638842105865
-0.4321689009666443
-0.48932620882987976
-0.7649574279785156
-0.6494200229644775
0.38397783041000366
-0.3960926830768585
-0.41840648651123047
-0.713227391242981
-0.7528822422027588
-1.0143452882766724
-0.9654955267906189
-0.20580169558525085
-0.2333548218011856
-0.2984645664691925
0.3067083954811096
-0.02401440031826496
0.009121837094426155
-0.031042957678437233
0.02902793698012829
-0.20841215550899506
-0.19132278859615326
-0.09152652323246002
-0.4794410467147827
-0.5763333439826965
-0.45888277888298035
-0.10393606126308441
-0.1990780532360077
-0.1022278442978859
0.004883960820734501
0.11232157051563263
-0.030999021604657173
-0.2604425847530365
-0.1956019550561905
-0.5564030408859253
-0.3594854772090912
-1.0890393257141113
-1.3470232486724854
-1.4181746244430542
-0.9884335398674011
-0.7028312087059021
-0.903811514377594
-0.8445465564727783
-0.9465096592903137
-1.0454115867614746
-0.3342062532901764
-0.5664142966270447
-1.0372085571289062
-0.7187896370887756
-0.6513854265213013
-0.6199889183044434
-0.3994169235229492
-0.4242052733898163
-0.3892337381839752
-0.755098283290863
0.20254962146282196
0.5112724304199219
0.7263798117637634
0.38511645793914795
0.35976073145866394
0.5022695660591125
0.7054828405380249
0.5450265407562256
0.6526668667793274
0.29871445894241333
0.539451003074646
0.7699419856071472
0.9122340083122253
0.6459233164787292
0.6540593504905701
0.3883146345615387
0.7726163268089294
1.2494498491287231
1.1719518899917603
0.03946712240576744
0.3920839726924896
0.40111929178237915
0.4536144435405731
0.41679835319519043
0.4895320534706116
0.06575288623571396
-0.03683476522564888
0.14769954979419708
0.402902752161026
-0.320637583732605
0.07066260278224945
0.04553316906094551
0.2729535698890686
0.20827694237232208
0.2676788568496704
0.3563377559185028
0.40673187375068665
0.2750849723815918
0.08768361061811447
0.20582903921604156
-0.03464873135089874
-0.7166914939880371
-0.9610195755958557
-0.6878042817115784
-0.8330779671669006
-1.1579718589782715
-0.7090984582901001
-0.6335332989692688
-0.6803250312805176
-0.4219215512275696
0.3001844584941864
0.19820795953273773
0.7861072421073914
0.6184760928153992
0.8079124689102173
0.4438628554344177
0.4515606760978699
0.5937775373458862
0.34957951307296753
0.42898836731910706
0.15750329196453094
0.37206289172172546
0.18930229544639587
0.29613128304481506
0.2333618849515915
0.23015844821929932
0.14197023212909698
0.4596478343009949
0.36839213967323303
0.09724922478199005
0.5774235725402832
0.23337334394454956
0.5789218544960022
0.8721521496772766
0.7240438461303711
0.7363355755805969
0.6229714155197144
0.6164144277572632
0.46465441584587097
0.48364901542663574
0.5859767198562622
-1.3418402671813965
-0.7120761871337891
-0.6908869743347168
-0.7500752806663513
-1.2866138219833374
-0.6928959488868713
-0.9078435897827148
-1.1411656141281128
-0.7343382835388184
-0.058482393622398376
0.5285640358924866
0.4695819616317749
0.6184003353118896
0.7750834226608276
0.9936135411262512
0.7219098210334778
0.8790849447250366
0.82651686668396
0.7265267372131348
0.4770074486732483
-0.1734880656003952
-0.1938171088695526
-0.1864808350801468
-0.17042754590511322
-0.21934840083122253
-0.015884822234511375
0.1338275820016861
0.7955661416053772
0.6393263936042786
0.8304153680801392
0.4759865403175354
1.2482212781906128
1.296756386756897
1.1109697818756104
0.9494887590408325
1.2490426301956177
1.3190211057662964
1.4348758459091187
1.0697239637374878
-0.1190677359700203
0.4650041460990906
0.3041619062423706
0.11423221230506897
-0.06168964132666588
-0.02787771262228489
0.231070414185524
-0.22441433370113373
-0.0620344914495945
0.4142268896102905
-0.6809152364730835
-0.6271859407424927
-0.4014713168144226
-1.1807857751846313
-1.5548222064971924
-1.3303167819976807
-1.8036741018295288
-0.7852140665054321
-1.5943548679351807
-0.11763487011194229
0.7636581659317017
0.5575951933860779
0.21093636751174927
0.19027073681354523
-0.09346886724233627
-0.7567375302314758
-1.3687312602996826
-0.788975179195404
-0.9870610237121582
-0.6169359683990479
0.4799552857875824
-0.1973429024219513
-0.6861461997032166
-1.5330119132995605
-1.2000291347503662
-2.0897133350372314
-1.5145416259765625
-0.691397488117218
-0.8565540909767151
0.2789345979690552
-0.475084513425827
-0.03203889727592468
0.2359704077243805
0.027214888483285904
0.04879198968410492
0.2676316201686859
-0.039112549275159836
-0.00795288197696209
-0.1998027116060257
-0.20094327628612518
0.7374572157859802
0.5662932395935059
0.6009997725486755
0.9412117600440979
0.6190868616104126
1.469001293182373
1.3385227918624878
0.8334935903549194
0.26194319128990173
-0.7649171352386475
-1.4412190914154053
-0.8152904510498047
-1.1589025259017944
-0.08597438037395477
-0.4451715052127838
-0.20724286139011383
0.022720811888575554
-0.1628677099943161
0.3061313331127167
-0.6229211688041687
-1.2539076805114746
-0.9174299836158752
-0.1552429497241974
-0.6085302829742432
-1.624616026878357
-2.472956895828247
-0.9345513582229614
-0.04047646373510361
0.0033596849534660578
-1.1478116512298584
-0.4952540993690491
0.7641295194625854
0.9072805643081665
0.6144139170646667
1.1982609033584595
1.4648469686508179
0.5186448097229004
0.4590786397457123
0.2956618666648865
0.5903499722480774
1.4123988151550293
-0.30335578322410583
0.5808476209640503
-0.2708882689476013
-0.3670497536659241
0.24019670486450195
0.398708701133728
0.3831213116645813
0.47292786836624146
0.4758002460002899
-1.8181864023208618
-0.3714112341403961
-0.28291189670562744
-0.4858420491218567
-1.0354039669036865
-0.3785175085067749
-0.2474440336227417
-0.2794680893421173
0.009667211212217808
-0.04854070022702217
0.4856664538383484
0.13932465016841888
0.4535665214061737
-0.13687333464622498
0.16303105652332306
0.2472984939813614
0.04978756979107857
0.3191288411617279
0.5325543880462646
-0.5861775279045105
-0.05902035906910896
0.3272274136543274
0.12939554452896118
-0.10792279988527298
-0.327498197555542
0.3192273676395416
-0.16134792566299438
-0.09862495213747025
0.057259585708379745
0.6374301910400391
-0.46533694863319397
-0.026154031977057457
-0.6172451376914978
-0.15676790475845337
-0.35371941328048706
-0.11871475726366043
-0.3142605125904083
-0.18153280019760132
-0.10119854658842087
-0.17745983600616455
-0.7382168769836426
-0.277084082365036
-0.7843358516693115
-1.0838638544082642
-0.6304121613502502
-0.9973275661468506
-1.402504324913025
-1.0736891031265259
-1.0779740810394287
-1.9590671062469482
1.4440393447875977
0.48081570863723755
1.3157200813293457
1.2663428783416748
1.213319182395935
1.1049129962921143
1.1783345937728882
1.6638327836990356
1.6322569847106934
1.1622233390808105
0.009435675106942654
0.5763419270515442
0.4935356378555298
0.3591476082801819
0.4296083152294159
0.13009250164031982
0.1892143189907074
-0.012550700455904007
0.06510140746831894
0.5045620799064636
0.07132437080144882
-0.29999658465385437
-0.29844895005226135
0.2192937731742859
0.42440107464790344
0.5659202337265015
-0.01660727895796299
0.220561221241951
0.1809999644756317
0.3932981491088867
-1.150978684425354
-0.9626888632774353
0.02046707458794117
-0.3980644941329956
-0.7112429738044739
-1.218908429145813
-1.0933486223220825
-1.4280203580856323
-0.8971462249755859
-1.0549778938293457
1.1813945770263672
1.0848244428634644
1.0712648630142212
1.0222690105438232
0.6090309023857117
0.7519629597663879
0.6511991024017334
0.5411590933799744
0.7145335674285889
0.09519437700510025
0.23302742838859558
0.3725791871547699
0.313071072101593
0.3231625258922577
0.1588061898946762
0.10136783123016357
0.03109348937869072
0.4015091359615326
0.3969069719314575
-0.5082945227622986
0.49952006340026855
0.3088282644748688
0.5832439661026001
0.8271006941795349
0.24509365856647491
0.9330910444259644
0.6107236742973328
0.45997023582458496
0.14746449887752533
-0.47236397862434387
-0.8274412155151367
-0.6031590104103088
-0.7885681986808777
-0.46633949875831604
-0.10379300266504288
0.1176297515630722
0.36632436513900757
0.15900735557079315
0.19800564646720886
-0.5446707606315613
-0.6225795745849609
-3.4383974075317383
-2.4267935752868652
-3.3332700729370117
-1.2293592691421509
-2.532264232635498
-2.994621753692627
-2.823690891265869
-3.342005491256714
-1.4235109090805054
-0.34026628732681274
0.036451224237680435
0.1780310571193695
-0.764190673828125
-0.35309985280036926
-0.326480507850647
-0.48483556509017944
-0.3370230793952942
0.36747950315475464
0.15491802990436554
0.06997109204530716
0.2103586047887802
0.3992524743080139
0.28487423062324524
0.26449811458587646
0.03281458467245102
0.3323642611503601
0.14595183730125427
0.07729901373386383
-0.4200460612773895
-1.3738641738891602
-0.2206120491027832
-0.33811384439468384
-0.22513554990291595
-0.22061637043952942
-0.07901125401258469
-0.24839957058429718
0.0799354761838913
-0.6009843349456787
-0.30109909176826477
-0.42822369933128357
-0.3817206025123596
-0.43557578325271606
-0.4322066009044647
-0.416422575712204
-0.507196843624115
-0.32154715061187744
-0.8500539660453796
-0.3966817259788513
-0.5600671172142029
1.130074143409729
0.6156442761421204
0.22011125087738037
-0.1696396917104721
-0.3450101613998413
-0.49809086322784424
-1.138818621635437
-0.849629282951355
0.20954696834087372
-0.46160122752189636
-0.07720545679330826
0.177222341299057
0.03935565426945686
0.38349616527557373
0.021309509873390198
0.2869834005832672
0.2798885405063629
0.4549430012702942
-0.011107194237411022
-0.20815671980381012
0.7878284454345703
0.5902885794639587
-0.19395506381988525
0.5290135145187378
0.7353606820106506
-0.04645916074514389
-0.7962441444396973
-0.2302762269973755
0.6529375314712524
-0.5230634212493896
0.8304300904273987
0.48342645168304443
0.23884229362010956
0.25568100810050964
0.33295923471450806
-0.4219835698604584
0.16623935103416443
-0.056553687900304794
-0.596016526222229
1.059615135192871
-0.4407235383987427
-0.5790058374404907
-1.0067687034606934
-0.5826213359832764
-0.08322663605213165
-0.5450841784477234
-1.0578027963638306
-1.1237024068832397
-1.0223374366760254
-1.5960662364959717
1.0050618648529053
0.8452182412147522
1.005779504776001
0.6835970878601074
0.3430618941783905
0.6803940534591675
0.7550989389419556
0.7793087363243103
0.6602566242218018
1.8345344066619873
-1.1163039207458496
-0.48444315791130066
-0.9069013595581055
-0.3967896103858948
-0.7231613397598267
-0.9459556341171265
-1.6220910549163818
-1.5194274187088013
-0.799802303314209
-0.4631553590297699
0.07626111805438995
-0.771300196647644
-0.8490689396858215
-0.5823360085487366
-0.7724753022193909
-0.1991891711950302
-0.23540811240673065
0.1138678565621376
0.005420236382633448
-0.3675585389137268
-0.4432440400123596
-0.6403208374977112
-0.7888502478599548
-0.44008204340934753
-1.367692232131958
-1.0757488012313843
-1.1126065254211426
-1.5057603120803833
-1.2434229850769043
-0.05689796805381775
-0.06540114432573318
-0.687167227268219
-0.034844473004341125
-1.0498628616333008
0.40334969758987427
-0.04370522499084473
-0.8309688568115234
-1.6275527477264404
-1.6648262739181519
-0.15377697348594666
0.4213777780532837
0.9939814805984497
1.0169209241867065
0.851450502872467
0.4246707856655121
0.4639880657196045
0.4045600891113281
0.22511515021324158
0.10886308550834656
-0.17012134194374084
0.53730708360672
-0.7536054253578186
-1.7962554693222046
-0.3999912440776825
-1.0489343404769897
-0.8358049392700195
-1.2815979719161987
-0.7325042486190796
-0.5689494609832764
-1.4419444799423218
-0.6409656405448914
0.19514092803001404
0.5307500958442688
0.521541178226471
0.753616988658905
0.6522561311721802
1.1342285871505737
0.9024612307548523
0.6874868273735046
1.0024497509002686
-1.6209269762039185
-2.164196252822876
-1.7654832601547241
-1.6654390096664429
-1.0758968591690063
-1.1684585809707642
-0.6645573973655701
-0.14562703669071198
-0.3528859317302704
-0.016880301758646965
0.3768850862979889
0.2919734716415405
0.24236184358596802
0.33129024505615234
0.42682671546936035
0.20808257162570953
0.20531004667282104
0.01783537119626999
0.2691769301891327
0.3225001096725464
-0.4231041371822357
-1.6315374374389648
-1.1541959047317505
-0.9949029088020325
-1.1314018964767456
-0.8355075120925903
-0.8763452768325806
-1.143243670463562
-1.3709748983383179
-0.08886456489562988
-0.13637715578079224
-0.1709238588809967
-0.15933239459991455
-0.686312198638916
-1.702086329460144
0.19928094744682312
0.46143829822540283
0.14496789872646332
0.1872408390045166
-0.294706791639328
-0.6551490426063538
2.839616060256958
